42388517303
72193801002
42886592641
77830687072
83212952407
97353362782
51447648862
66174784878
39836111174
62359351370
74721135653
67143103233
52507078405
88264408753
39421318625
45540743660
21371476292
77281262299
68332970539
76273055270
54897851106
03525118180
43137055032
47609262838
42138153150
99397406973
81119812100
49338317005
73342697482
16643326346
58028179843
31025311132
84544369100
94883546071
80266236812
74480144552
35248163471
57862772326
88268984643
38151104678
27352464000
42977827315
52299011790
29836761535
28855322117
76419481201
63889448259
73859956400
24882911965
61318433924
37112252687
27425345803
91563682400
54522648928
65661751133
52231257890
56859271426
45042141642
55934144162
18244142502
62621772307
02853516059
77803176844
46272460139
82595899406
51981883010
57895206850
01541702409
61666504181
87670014750
88268968281
13371667405
25512558803
37950487020
71272175219
56368255528
67068887023
80769578500
64457786748
69801360895
98725334662
78428221235
50025885650
16527775555
5608156854
79866202186
83404534328
22184107379
26163106784
58731475400
10151577340
98078141548
46595217708
74633734105
58631830208
70834332671
87780210650
21951630114
31886116768
55888701661