88641412352
48357838324
23303883220
99552363454
55543122179
13388675716
49084818903
21912264935
66362703650
47145182670
10541549375
51201730716
89948375742
44115365870
33824204657
83859401203
06829162858
52887851470
96658725918
11832556832
15854299968
75667284154
44490760442
84635242650
30313246092
73865133720
65514590135
63297910585
53432647514
72181154112
49411153763
43562553137
19348077104
23338893574
18518106176
11553881354
68555342104
89335916307
22361397480
56585188306
29896186430
37848967409
86525310482
62480387755
14999722704
34606882468
85672028179
21681567199
49666655233
47607634908
32977571590
67153775889
74451915260
72428811886
35378410606
64677633274
15420652323
84644204129
88680955302
28644321021
52858865116
61866412361
14639311400
52484382685
82216851604
91322611793
04396758472
22776675879
44868622447
73257673230
18845143325
61153693399
34182395956
36652433788
93266761022
28312155872
13425420291
75869733260
44643452129
77608387785
57941573130
80372389899
64634012260
34373886571
89297786669
52272145221
29066534117
52781633305
37635688839
45821580218
71851507604
37758517633
82901231756
15433122506
72347285386
46665422720
84852134324
73741716847
46241561537
39779722351